697
842
288
807
42
14
498
994
257
871
634
82
988
956
901
302
123
154
285
906
962
736
528
558
234
524
53
37
733
846
496
222
800
74
103
398
867
839
322
987
126
741
606
783
35
267
534
898
673
221
503
403
640
470
481
190
416
601
712
227
626
682
211
591
718
488
650
293
771
501
813
313
500
128
850
324
429
225
799
383
832
422
729
173
966
60
456
922
876
728
618
427
108
968
76
79
94
998
212
885
547
742
875
938
910
250
254
794
235
571
560
920
486
614
477
47
43
658
286
773
78
472
521
189
341
230
132
993
803
454
806
664
893
63
723
141
903
828
467
750
430
480
3
106
546
31
220
897
188
343
996
83
991
659
887
945
674
629
51
756
259
484
453
676
41
428
777
730
109
916
946
747
65
548
45
249
49
241
308
717
816
421
734
695
744
881
214
387
812
165
911
666
433
565
540
226
859
307
748
863
853
169
685
516
167
690
511
116
38
88
91
283
354
683
731
28
725
33
362
258
845
58
206
537
384
410
752
161
954
502
557
861
420
348
86
142
795
677
763
574
370
465
944
369
700
639
84
243
936
73
464
274
654
953
688
191
595
102
110
691
702
631
541
889
782
355
216
686
100
434
194
314
997
624
239
513
857
824
271
135
207
727
927
114
476
390
670
536
952
13
622
366
90
781
610
193
275
299
655
52
264
231
740
625
223
505
549
174
363
372
119
579
856
649
208
877
544
104
786
471
588
805
604
817
32
838
981
636
767
408
567
87
98
617
437
522
356
594
550
328
75
143
971
864
873
643
377
449
170
939
900
615
538
378
330
295
219
684
336
653
80
692
555
577
327
527
913
976
942
593
958
667
69
405
949
462
904
810
175
61
651
210
457
394
277
778
59
438
815
510
71
232
746
967
20
151
413
358
905
70
941
379
582
105
822
657
451
950
442
880
830
474
948
802
406
519
840
596
581
375
732
621
947
814
176
158
933
533
890
21
127
526
6
318
709
821
973
352
798
424
137
829
869
687
473
964
886
585
18
315
989
573
62
66
12
213
940
360
726
707
793
57
399
580
929
754
562
899
244
268
459
847
332
819
680
2
909
738
238
928
895
632
583
22
364
120
602
520
448
50
960
236
809
665
934
276
382
93
716
15
